[[ 0.00000000e+00 -1.00000000e+00]
 [ 1.28209993e-01 -1.00000000e+00]
 [ 2.56410003e-01 -1.00000000e+00]
 [ 3.84620011e-01 -1.00000000e+00]
 [ 5.12820005e-01 -1.00000000e+00]
 [ 6.41030014e-01 -1.00000000e+00]
 [ 7.69230008e-01 -1.00000000e+00]
 [ 8.97440016e-01 -1.00000000e+00]
 [ 1.02559996e+00 -1.00000000e+00]
 [ 1.15380001e+00 -1.00000000e+00]
 [ 1.28209996e+00 -1.00000000e+00]
 [ 1.41030002e+00 -1.00000000e+00]
 [ 1.53849995e+00 -1.00000000e+00]
 [ 1.66670001e+00 -1.00000000e+00]
 [ 1.79489994e+00 -1.00000000e+00]
 [ 1.92309999e+00 -1.00000000e+00]
 [ 2.05130005e+00 -1.00000000e+00]
 [ 2.17950010e+00 -1.00000000e+00]
 [ 2.30769992e+00 -1.00000000e+00]
 [ 2.43589997e+00 -1.00000000e+00]
 [ 2.56410003e+00 -1.00000000e+00]
 [ 2.69230008e+00 -1.00000000e+00]
 [ 2.82049990e+00 -1.00000000e+00]
 [ 2.94869995e+00 -1.00000000e+00]
 [ 3.07690001e+00 -1.00000000e+00]
 [ 3.20510006e+00 -1.00000000e+00]
 [ 3.33330011e+00 -1.00000000e+00]
 [ 3.46149993e+00 -1.00000000e+00]
 [ 3.58969998e+00 -1.00000000e+00]
 [ 3.71790004e+00 -1.00000000e+00]
 [ 3.84619999e+00 -1.00000000e+00]
 [ 3.97440004e+00 -1.00000000e+00]
 [ 4.10260010e+00 -1.00000000e+00]
 [ 4.23080015e+00 -1.00000000e+00]
 [ 4.35900021e+00 -1.00000000e+00]
 [ 4.48719978e+00 -1.00000000e+00]
 [ 4.61539984e+00 -1.00000000e+00]
 [ 4.74359989e+00 -1.00000000e+00]
 [ 4.87179995e+00 -1.00000000e+00]
 [ 5.00000000e+00 -1.00000000e+00]
 [ 5.09226847e+00 -9.95734155e-01]
 [ 5.18375015e+00 -9.82973039e-01]
 [ 5.27366352e+00 -9.61825490e-01]
 [ 5.36124229e+00 -9.32471931e-01]
 [ 5.44573927e+00 -8.95162821e-01]
 [ 5.52643347e+00 -8.50216448e-01]
 [ 5.60263586e+00 -7.98016310e-01]
 [ 5.67369699e+00 -7.39007771e-01]
 [ 5.73901033e+00 -6.73694193e-01]
 [ 5.79801846e+00 -6.02632940e-01]
 [ 5.85021830e+00 -5.26430130e-01]
 [ 5.89516449e+00 -4.45736021e-01]
 [ 5.93247318e+00 -3.61239046e-01]
 [ 5.96182632e+00 -2.73660094e-01]
 [ 5.98297358e+00 -1.83746338e-01]
 [ 5.99573469e+00 -9.22649205e-02]
 [ 6.00000000e+00  3.67320513e-06]
 [ 6.00000000e+00  3.67320513e-06]
 [ 5.57891321e+00  8.35310280e-01]
 [ 5.45071316e+00  9.63510275e-01]
 [ 5.32251310e+00  1.09172034e+00]
 [ 5.19431305e+00  1.21992028e+00]
 [ 5.06611347e+00  1.34813035e+00]
 [ 4.93791342e+00  1.47633028e+00]
 [ 4.80971336e+00  1.60454023e+00]
 [ 4.68151331e+00  1.73270023e+00]
 [ 4.55331326e+00  1.86090028e+00]
 [ 4.42501307e+00  1.98920023e+00]
 [ 4.29681349e+00  2.11740017e+00]
 [ 4.16861343e+00  2.24560022e+00]
 [ 4.04041338e+00  2.37380028e+00]
 [ 3.91221333e+00  2.50200033e+00]
 [ 3.78401327e+00  2.63020039e+00]
 [ 3.65581322e+00  2.75840020e+00]
 [ 3.52761316e+00  2.88660026e+00]
 [ 3.39941335e+00  3.01480031e+00]
 [ 3.27121329e+00  3.14300036e+00]
 [ 3.14301324e+00  3.27120018e+00]
 [ 3.01481318e+00  3.39940023e+00]
 [ 2.88661337e+00  3.52760029e+00]
 [ 2.75841331e+00  3.65580034e+00]
 [ 2.63021326e+00  3.78400040e+00]
 [ 2.50201321e+00  3.91220021e+00]
 [ 2.37381339e+00  4.04040051e+00]
 [ 2.24561334e+00  4.16860008e+00]
 [ 2.11741328e+00  4.29680014e+00]
 [ 1.98921323e+00  4.42500019e+00]
 [ 1.86091328e+00  4.55330038e+00]
 [ 1.73271322e+00  4.68150043e+00]
 [ 1.60455322e+00  4.80970049e+00]
 [ 1.47634327e+00  4.93790007e+00]
 [ 1.34814322e+00  5.06610012e+00]
 [ 1.21993327e+00  5.19430017e+00]
 [ 1.09173322e+00  5.32250023e+00]
 [ 9.63523269e-01  5.45070028e+00]
 [ 8.35323274e-01  5.57890034e+00]
 [ 7.07113266e-01  5.70710039e+00]]