[[-1.          0.        ]
 [-0.87178999  0.        ]
 [-0.74359     0.        ]
 [-0.61537999  0.        ]
 [-0.48717999  0.        ]
 [-0.35896999  0.        ]
 [-0.23077001  0.        ]
 [-0.10256     0.        ]
 [ 0.0256      0.        ]
 [ 0.1538      0.        ]
 [ 0.28209999  0.        ]
 [ 0.41029999  0.        ]
 [ 0.53850001  0.        ]
 [ 0.66670001  0.        ]
 [ 0.7949      0.        ]
 [ 0.92309999  0.        ]
 [ 1.05130005  0.        ]
 [ 1.17949998  0.        ]
 [ 1.30770004  0.        ]
 [ 1.43589997  0.        ]
 [ 1.56410003  0.        ]
 [ 1.69229996  0.        ]
 [ 1.82050002  0.        ]
 [ 1.94869995  0.        ]
 [ 2.07690001  0.        ]
 [ 2.20510006  0.        ]
 [ 2.33330011  0.        ]
 [ 2.46149993  0.        ]
 [ 2.58969998  0.        ]
 [ 2.71790004  0.        ]
 [ 2.84619999  0.        ]
 [ 2.97440004  0.        ]
 [ 3.1026001   0.        ]
 [ 3.23079991  0.        ]
 [ 3.35899997  0.        ]
 [ 3.48720002  0.        ]
 [ 3.61540008  0.        ]
 [ 3.74359989  0.        ]
 [ 3.87179995  0.        ]
 [ 4.          0.        ]
 [ 4.00426579 -0.09226857]
 [ 4.0170269  -0.18374994]
 [ 4.03817463 -0.27366361]
 [ 4.06752825 -0.36124247]
 [ 4.10483742 -0.44573933]
 [ 4.14978361 -0.52643329]
 [ 4.20198345 -0.60263586]
 [ 4.26099205 -0.67369694]
 [ 4.32630587 -0.73901021]
 [ 4.397367   -0.79801852]
 [ 4.47356987 -0.85021842]
 [ 4.55426407 -0.89516443]
 [ 4.63876104 -0.93247324]
 [ 4.72633982 -0.96182644]
 [ 4.81625366 -0.98297369]
 [ 4.90773487 -0.99573451]
 [ 5.00000381 -1.        ]
 [ 5.00000381 -1.        ]
 [ 5.57890034 -0.57890326]
 [ 5.45070028 -0.45070326]
 [ 5.32250023 -0.32249328]
 [ 5.19430017 -0.19429328]
 [ 5.06610012 -0.06608327]
 [ 4.93790007  0.06211673]
 [ 4.80970049  0.19032672]
 [ 4.68150043  0.31848672]
 [ 4.55330038  0.44668671]
 [ 4.42500019  0.5749867 ]
 [ 4.29680014  0.70318675]
 [ 4.16860008  0.83138674]
 [ 4.04040051  0.95958674]
 [ 3.91220021  1.08778667]
 [ 3.7840004   1.21598673]
 [ 3.65580034  1.34418678]
 [ 3.52760029  1.47238672]
 [ 3.39940023  1.60058677]
 [ 3.27120018  1.72878671]
 [ 3.14300036  1.85698676]
 [ 3.01480031  1.9851867 ]
 [ 2.88660026  2.11338663]
 [ 2.7584002   2.24158669]
 [ 2.63020039  2.36978674]
 [ 2.50200033  2.49798679]
 [ 2.37380028  2.62618661]
 [ 2.24560022  2.75438666]
 [ 2.11740017  2.88258672]
 [ 1.98920023  3.01078677]
 [ 1.86090028  3.13908672]
 [ 1.73270023  3.26728678]
 [ 1.60454023  3.39548683]
 [ 1.47633028  3.52368665]
 [ 1.34813035  3.6518867 ]
 [ 1.21992028  3.78008676]
 [ 1.09172034  3.90828681]
 [ 0.96351027  4.03648663]
 [ 0.83531028  4.16468668]
 [ 0.70710027  4.29288673]]