[[1.         0.        ]
 [1.12820995 0.        ]
 [1.25641    0.        ]
 [1.38461995 0.        ]
 [1.51282001 0.        ]
 [1.64102995 0.        ]
 [1.76923001 0.        ]
 [1.89743996 0.        ]
 [2.02559996 0.        ]
 [2.15380001 0.        ]
 [2.28209996 0.        ]
 [2.41030002 0.        ]
 [2.53850007 0.        ]
 [2.66669989 0.        ]
 [2.79489994 0.        ]
 [2.92309999 0.        ]
 [3.05130005 0.        ]
 [3.1795001  0.        ]
 [3.30769992 0.        ]
 [3.43589997 0.        ]
 [3.56410003 0.        ]
 [3.69230008 0.        ]
 [3.8204999  0.        ]
 [3.94869995 0.        ]
 [4.07690001 0.        ]
 [4.20510006 0.        ]
 [4.33330011 0.        ]
 [4.46150017 0.        ]
 [4.58970022 0.        ]
 [4.7178998  0.        ]
 [4.84619999 0.        ]
 [4.97440004 0.        ]
 [5.1026001  0.        ]
 [5.23080015 0.        ]
 [5.35900021 0.        ]
 [5.48719978 0.        ]
 [5.61539984 0.        ]
 [5.74359989 0.        ]
 [5.87179995 0.        ]
 [6.         0.        ]
 [5.99573421 0.09226857]
 [5.9829731  0.18374994]
 [5.96182537 0.27366361]
 [5.93247175 0.36124247]
 [5.89516258 0.44573933]
 [5.85021639 0.52643329]
 [5.79801655 0.60263586]
 [5.73900795 0.67369694]
 [5.67369413 0.73901021]
 [5.602633   0.79801852]
 [5.52643013 0.85021842]
 [5.44573593 0.89516443]
 [5.36123896 0.93247324]
 [5.27366018 0.96182644]
 [5.18374634 0.98297369]
 [5.09226513 0.99573451]
 [4.99999619 1.        ]
 [4.99999619 1.12820995]
 [4.99999619 1.25641   ]
 [4.99999619 1.38461995]
 [4.99999619 1.51282001]
 [4.99999619 1.64102995]
 [4.99999619 1.76923001]
 [4.99999619 1.89743996]
 [4.99999619 2.02559996]
 [4.99999619 2.15380001]
 [4.99999619 2.28209996]
 [4.99999619 2.41030002]
 [4.99999619 2.53850007]
 [4.99999619 2.66669989]
 [4.99999619 2.79489994]
 [4.99999619 2.92309999]
 [4.99999619 3.05130005]
 [4.99999619 3.1795001 ]
 [4.99999619 3.30769992]
 [4.99999619 3.43589997]
 [4.99999619 3.56410003]
 [4.99999619 3.69230008]
 [4.99999619 3.8204999 ]
 [4.99999619 3.94869995]
 [4.99999619 4.07690001]
 [4.99999619 4.20510006]
 [4.99999619 4.33330011]
 [4.99999619 4.46150017]
 [4.99999619 4.58970022]
 [4.99999619 4.7178998 ]
 [4.99999619 4.84619999]
 [4.99999619 4.97440004]
 [4.99999619 5.1026001 ]
 [4.99999619 5.23080015]
 [4.99999619 5.35900021]
 [4.99999619 5.48719978]
 [4.99999619 5.61539984]
 [4.99999619 5.74359989]
 [4.99999619 5.87179995]
 [4.99999619 6.        ]]