[[ 0.00000000e+00  1.00000000e+00]
 [ 1.28209993e-01  1.00000000e+00]
 [ 2.56410003e-01  1.00000000e+00]
 [ 3.84620011e-01  1.00000000e+00]
 [ 5.12820005e-01  1.00000000e+00]
 [ 6.41030014e-01  1.00000000e+00]
 [ 7.69230008e-01  1.00000000e+00]
 [ 8.97440016e-01  1.00000000e+00]
 [ 1.02559996e+00  1.00000000e+00]
 [ 1.15380001e+00  1.00000000e+00]
 [ 1.28209996e+00  1.00000000e+00]
 [ 1.41030002e+00  1.00000000e+00]
 [ 1.53849995e+00  1.00000000e+00]
 [ 1.66670001e+00  1.00000000e+00]
 [ 1.79489994e+00  1.00000000e+00]
 [ 1.92309999e+00  1.00000000e+00]
 [ 2.05130005e+00  1.00000000e+00]
 [ 2.17950010e+00  1.00000000e+00]
 [ 2.30769992e+00  1.00000000e+00]
 [ 2.43589997e+00  1.00000000e+00]
 [ 2.56410003e+00  1.00000000e+00]
 [ 2.69230008e+00  1.00000000e+00]
 [ 2.82049990e+00  1.00000000e+00]
 [ 2.94869995e+00  1.00000000e+00]
 [ 3.07690001e+00  1.00000000e+00]
 [ 3.20510006e+00  1.00000000e+00]
 [ 3.33330011e+00  1.00000000e+00]
 [ 3.46149993e+00  1.00000000e+00]
 [ 3.58969998e+00  1.00000000e+00]
 [ 3.71790004e+00  1.00000000e+00]
 [ 3.84619999e+00  1.00000000e+00]
 [ 3.97440004e+00  1.00000000e+00]
 [ 4.10260010e+00  1.00000000e+00]
 [ 4.23080015e+00  1.00000000e+00]
 [ 4.35900021e+00  1.00000000e+00]
 [ 4.48719978e+00  1.00000000e+00]
 [ 4.61539984e+00  1.00000000e+00]
 [ 4.74359989e+00  1.00000000e+00]
 [ 4.87179995e+00  1.00000000e+00]
 [ 5.00000000e+00  1.00000000e+00]
 [ 4.90773153e+00  9.95734155e-01]
 [ 4.81624985e+00  9.82973039e-01]
 [ 4.72633648e+00  9.61825490e-01]
 [ 4.63875771e+00  9.32471931e-01]
 [ 4.55426073e+00  8.95162821e-01]
 [ 4.47356653e+00  8.50216448e-01]
 [ 4.39736414e+00  7.98016310e-01]
 [ 4.32630301e+00  7.39007771e-01]
 [ 4.26098967e+00  6.73694193e-01]
 [ 4.20198154e+00  6.02632940e-01]
 [ 4.14978170e+00  5.26430130e-01]
 [ 4.10483551e+00  4.45736021e-01]
 [ 4.06752682e+00  3.61239046e-01]
 [ 4.03817368e+00  2.73660094e-01]
 [ 4.01702642e+00  1.83746338e-01]
 [ 4.00426531e+00  9.22649205e-02]
 [ 4.00000000e+00 -3.67320513e-06]
 [ 4.00000000e+00  1.28206328e-01]
 [ 4.00000000e+00  2.56406337e-01]
 [ 4.00000000e+00  3.84616315e-01]
 [ 4.00000000e+00  5.12816310e-01]
 [ 4.00000000e+00  6.41026318e-01]
 [ 4.00000000e+00  7.69226313e-01]
 [ 4.00000000e+00  8.97436321e-01]
 [ 4.00000000e+00  1.02559638e+00]
 [ 4.00000000e+00  1.15379632e+00]
 [ 4.00000000e+00  1.28209639e+00]
 [ 4.00000000e+00  1.41029632e+00]
 [ 4.00000000e+00  1.53849638e+00]
 [ 4.00000000e+00  1.66669631e+00]
 [ 4.00000000e+00  1.79489636e+00]
 [ 4.00000000e+00  1.92309630e+00]
 [ 4.00000000e+00  2.05129623e+00]
 [ 4.00000000e+00  2.17949629e+00]
 [ 4.00000000e+00  2.30769634e+00]
 [ 4.00000000e+00  2.43589640e+00]
 [ 4.00000000e+00  2.56409621e+00]
 [ 4.00000000e+00  2.69229627e+00]
 [ 4.00000000e+00  2.82049632e+00]
 [ 4.00000000e+00  2.94869637e+00]
 [ 4.00000000e+00  3.07689643e+00]
 [ 4.00000000e+00  3.20509624e+00]
 [ 4.00000000e+00  3.33329630e+00]
 [ 4.00000000e+00  3.46149635e+00]
 [ 4.00000000e+00  3.58969641e+00]
 [ 4.00000000e+00  3.71789622e+00]
 [ 4.00000000e+00  3.84619641e+00]
 [ 4.00000000e+00  3.97439623e+00]
 [ 4.00000000e+00  4.10259628e+00]
 [ 4.00000000e+00  4.23079634e+00]
 [ 4.00000000e+00  4.35899639e+00]
 [ 4.00000000e+00  4.48719645e+00]
 [ 4.00000000e+00  4.61539650e+00]
 [ 4.00000000e+00  4.74359655e+00]
 [ 4.00000000e+00  4.87179613e+00]
 [ 4.00000000e+00  4.99999619e+00]]